#type       avg     std     min      p5     p10     p50     p67     p75     p80     p85     p90     p95     p99    p999   p9999     QPS   target
read      247.9    79.6    93.8   164.5   180.9   244.2   268.1   280.6   289.6   299.2   313.7   336.4   390.7   987.2  2879.7   5019.6     5000
read      293.9   112.9    93.8   168.5   202.0   290.9   318.4   334.4   344.9   359.6   376.0   405.4   475.1  1101.6  5129.3   9994.6    10000
read      325.6   155.7    86.8   160.1   189.7   321.8   356.5   374.6   389.7   404.9   428.9   465.2   565.8  2227.5  5296.7  15095.6    15000
read      332.3   168.8    86.8   151.9   174.0   331.1   371.6   393.8   409.4   429.2   454.7   494.6   589.7  2263.8  6988.3  19889.6    20000
read      340.5   150.3    93.8   149.5   170.9   338.4   387.9   414.5   433.2   456.4   485.9   532.7   640.2  1759.1  3985.7  24849.3    25000
read      349.1   156.3    86.8   155.4   176.5   341.0   397.9   429.5   452.7   479.1   512.8   567.6   687.0  1449.9  3873.1  29948.8    30000
read      360.4   154.3    86.8   153.4   177.0   349.9   413.2   449.3   474.6   505.0   542.3   594.6   722.5  1486.9  3365.2  34971.0    35000
read      393.2   199.6    86.8   160.6   188.6   370.2   443.9   486.7   517.5   553.2   599.5   676.2   927.6  1942.5  6912.5  40027.6    40000
read      561.9   433.6    86.8   179.1   221.6   453.3   582.2   674.4   765.5   887.3  1036.5  1276.4  1917.4  6543.0  9206.2  44987.8    45000
read     1348.0   757.0    93.8   803.4  1040.4  1221.5  1279.1  1341.3  1384.4  1488.9  1683.9  2338.4  4036.1  8096.0 10561.9  48987.0    50000
read     1377.6   728.1   118.1  1019.3  1059.5  1222.2  1278.0  1335.6  1376.8  1482.2  1744.1  2356.5  4236.4  8097.9 10194.6  49535.4    55000
read     1379.4   743.7   109.4  1028.5  1072.4  1219.1  1272.4  1323.4  1368.2  1466.5  1740.6  2356.1  5001.0  8115.7 11016.3  49667.0    60000
read     1443.3   812.0   173.5  1066.7  1111.1  1252.7  1335.1  1403.8  1500.1  1592.9  1743.6  2413.2  7140.8  9410.6 14701.0  47920.3    65000
read     1378.3   750.0   101.3  1023.9  1062.4  1208.1  1268.3  1324.4  1379.9  1510.8  1815.9  2338.2  4874.5  8146.1 12930.3  49719.2    70000
read     1427.3   761.3   160.7  1085.5  1114.6  1242.5  1308.0  1377.9  1468.5  1570.0  1737.8  2404.3  6903.4  8108.2 10234.5  48241.4    75000
read     1391.8   753.3   236.1  1050.6  1100.4  1224.2  1275.0  1328.0  1371.2  1473.5  1738.7  2363.3  5009.5  8763.3 13185.5  49390.4    80000
Warning! Detected max cpu usage > 95%
CPU Usage Stats (avg/min/max): 67.07%,0.00%,100.00%
