#type       avg     std     min      p5     p10     p50     p67     p75     p80     p85     p90     p95     p99    p999   p9999     QPS   target
read      268.6   102.1   109.4   176.9   198.5   265.6   286.6   297.0   306.4   316.0   330.2   352.6   402.5  1494.5  4484.4   5009.6     5000
read      297.4    84.3   101.3   173.1   210.7   297.3   322.6   337.5   346.8   360.9   375.3   401.0   461.7   686.6  3053.0   9986.8    10000
read      308.9   116.8    93.8   156.4   181.6   306.8   339.7   358.6   371.5   388.7   408.9   444.2   540.5  1576.8  3020.4  15077.2    15000
read      322.1   124.6    93.8   153.7   173.6   322.5   362.9   384.7   399.9   419.4   443.3   484.2   575.5  1061.8  3183.0  20053.0    20000
read      343.2   142.4    86.8   152.3   173.6   341.4   390.9   418.1   437.0   460.8   491.6   538.6   637.6  1514.3  3712.5  24938.8    25000
read      360.8   154.1    86.8   153.8   177.4   353.4   412.2   445.0   468.5   497.9   534.8   589.5   733.8  1363.1  3144.7  30039.2    30000
read      370.7   174.9    86.8   153.9   180.1   360.3   425.8   463.0   490.2   521.0   558.7   616.2   736.7  1039.9  6219.0  35012.0    35000
read      388.4   180.9    86.8   157.2   185.5   371.3   443.0   485.5   516.1   550.6   593.1   661.7   830.8  1332.0  5765.5  39917.4    40000
read      479.6   338.2    93.8   170.8   205.8   410.3   509.6   571.2   618.1   681.6   795.6  1027.9  1554.9  2812.0  8032.9  45021.2    45000
read     1381.9   732.7   118.1  1038.0  1083.7  1222.0  1277.9  1335.6  1377.0  1466.8  1699.7  2339.0  5376.7  8099.8  9974.0  49261.8    50000
read     1400.0   763.8   160.7  1047.1  1101.3  1227.7  1279.6  1344.0  1393.4  1514.4  1741.2  2366.2  6764.2  8128.4 10175.0  49099.2    55000
read     1414.1   757.0   127.6  1065.1  1110.0  1243.1  1306.9  1364.8  1423.8  1525.2  1723.5  2410.1  6134.0  8131.7 11057.7  48528.5    60000
read     1409.1   772.5   160.7  1042.6  1088.0  1223.8  1285.6  1376.1  1477.8  1575.1  1740.4  2353.3  6428.3  8135.2 14096.6  48863.1    65000
read     1430.7   774.3   187.4  1072.8  1114.1  1251.8  1318.9  1367.6  1422.2  1531.4  1789.2  2440.4  6915.8  8138.5 11861.8  48174.0    70000
read     1406.7   750.6   148.8  1034.5  1081.7  1234.5  1293.6  1357.4  1421.9  1561.6  1794.9  2385.3  5923.4  8111.4 10203.6  48853.4    75000
read     1410.4   775.6   118.1  1050.9  1099.7  1228.8  1285.9  1365.8  1454.2  1568.2  1740.7  2358.3  6302.4  9110.8 14210.9  48862.6    80000
Warning! Detected max cpu usage > 95%
CPU Usage Stats (avg/min/max): 66.13%,0.50%,100.00%
