#type       avg     std     min      p5     p10     p50     p67     p75     p80     p85     p90     p95     p99    p999   p9999     QPS   target
read      271.9    85.9    93.8   177.2   198.6   269.8   291.1   302.8   311.7   320.7   336.0   358.9   419.5  1639.1  2721.8   4959.4     5000
read      308.9   118.3   101.3   177.6   216.6   305.8   333.2   347.4   360.1   372.7   392.8   423.5   507.0  1422.8  3488.6  10016.4    10000
read      325.6   126.0    93.8   164.5   195.1   326.4   360.1   378.2   392.4   407.6   430.0   463.9   540.6   859.3  5227.6  15039.3    15000
read      337.7   146.9    80.4   156.3   179.2   337.2   379.3   401.8   419.6   439.0   466.0   506.7   610.3  1528.3  4607.9  20027.0    20000
read      353.0   159.8    93.8   153.9   177.3   350.5   401.0   429.1   449.7   472.7   506.1   557.1   676.9  1466.3  7197.1  24934.8    25000
read      374.1   207.7    86.8   153.2   178.2   360.5   420.9   454.9   479.5   508.9   547.2   609.7   824.6  2865.1  7278.7  30150.6    30000
read      379.3   264.9    86.8   156.6   179.7   355.1   421.5   459.7   488.0   521.2   563.6   631.5   969.9  3677.5  7990.6  34926.6    35000
read      389.4   209.7    86.8   159.4   186.4   368.2   439.5   480.9   510.9   545.8   589.0   658.1   865.3  2711.9  7167.0  39938.6    40000
read      530.5   399.1    80.4   175.0   217.3   435.4   547.2   620.4   684.1   791.4   958.3  1215.0  1814.2  4797.1  8081.8  45120.6    45000
read     1274.3   719.0    93.8   464.2   879.8  1181.2  1252.2  1291.6  1351.4  1446.0  1664.0  2272.7  3063.7  8071.0 10038.7  49497.2    50000
read     1349.3   719.3   173.5  1014.8  1047.5  1182.4  1247.8  1280.2  1342.4  1449.0  1849.3  2306.6  3257.3  8101.8 10864.8  50606.0    55000
read     1464.1   790.5   109.4  1076.8  1120.7  1279.1  1361.3  1421.3  1480.0  1579.0  1857.4  2488.5  7166.2  8117.2 10931.6  47108.4    60000
read     1451.2   795.7   202.4  1094.5  1122.4  1262.9  1338.7  1383.6  1463.0  1581.9  1795.0  2453.2  7211.2  8126.2 12463.6  47633.9    65000
read     1355.3   719.4   218.6  1000.0  1042.4  1186.6  1254.3  1294.4  1370.3  1503.4  1762.8  2306.0  3279.5  8102.4 10533.2  50484.6    70000
read     1421.4   775.5   148.8  1077.0  1113.1  1244.0  1305.2  1359.0  1403.9  1497.4  1741.3  2419.8  6820.7  8209.6 12602.8  48507.8    75000
read     1407.9   757.0   218.6  1064.8  1109.2  1239.5  1291.6  1347.2  1381.9  1483.1  1733.8  2394.4  6102.0  8487.4 12110.8  48926.0    80000
Warning! Detected max cpu usage > 95%
CPU Usage Stats (avg/min/max): 66.06%,0.50%,100.00%
